gravity_model_OLS:
  age_i: 0.0
  age_j: 0.0
  coastal_i: 0
  coastal_j: 0
  distance: -0.751953829
  income_i: 0
  income_j: 0
  intercept: 0.8566737926370969
  population_i: 0.3462739091028453
  population_j: 0.4134514290246526
